0
0
0
0
0
0
0
0
0
0

0.062
0.068
0.06
0.067
0.062
0.064
0.065
0.069
0.063
0.063

1.244
0.062
0.065
0.067
0.065
0.066
0.06
0.056
0.062
0.061
0.071
0.489
0.063
0.061
0.511
0.062
0.066
0.059
0.064
0.067
0.059
0.063
0.055
0.058
0.219
0.062
0.062
0.064
0.055
0.058
0.069
0.062
0.063
0.067
0.061
0.063
0.091
0.061
0.318
0.068
0.061
0.06
0.065
0.068
1.383
0.056
0.058
0.067
0.062
0.065
0.062
0.07
0.067
0.066
0.208
0.061
0.065
0.059
0.169
0.059
0.07
0.062
0.056
0.061
0.072
0.062
0.069
0.062
0.178
0.058
0.062
0.058
0.064
0.06
0.063
0.066
0.066
0.303
0.411
0.069
0.066
0.065
0.067
0.066
0.145
2.759
0.068
2.538
0.059
0.062
0.063
0.062
1.195
0.063
0.603
0.389
0.063
0.347
0.059
0.071
