0.0
0.0
0.0
0.0
0.0
0.0
0.0
0.0
0.0
0.0

0.051000000000000004
0.053000000000000005
0.052000000000000005
0.051000000000000004
0.052000000000000005
0.053000000000000005
0.053000000000000005
0.052000000000000005
0.052000000000000005
0.052000000000000005

0.005
0.007
0.005
0.005
0.005
0.007
0.052000000000000005
0.006
0.006
0.004
0.005
0.005
0.005
0.005
0.007
0.005
0.052000000000000005
0.006
0.006
0.004
0.006
0.005
0.006
0.004
0.006
0.007
0.052000000000000005
0.006
0.005
0.006
0.005
0.006
0.007
0.007
0.005
0.005
0.052000000000000005
0.005
0.007
0.006
0.004
0.004
0.004
0.004
0.005
0.007
0.052000000000000005
0.004
0.004
0.006
0.004
0.004
0.004
0.007
0.005
0.005
0.052000000000000005
0.006
0.006
0.006
0.006
0.006
0.005
0.004
0.005
0.006
0.052000000000000005
0.004
0.007
0.007
0.006
0.007
0.005
0.005
0.006
0.007
0.053000000000000005
0.004
0.004
0.006
0.006
0.052000000000000005
0.004
0.006
0.004
0.004
0.054000000000000006
0.004
0.005
0.004
0.006
0.005
0.005
0.004
0.005
0.006
0.051000000000000004
0.006
0.004
0.005
