0
0
0
0
0
0
0
0
0
0

18.496
20.451
25.337
23.438
14.124
25.169
21.469
23.598
11.926
12.316

7.112
10.436
8.153
8.919
4.231
2.596
24.937
7.300
6.680
2.796
3.387
12.368
7.757
10.274
5.271
3.260
23.617
4.186
6.582
2.959
4.495
16.574
13.690
14.997
9.267
7.063
26.016
5.633
11.783
4.192
3.240
15.567
10.861
13.690
7.202
5.949
23.157
4.247
9.419
2.911
6.459
5.579
2.503
3.581
12.322
7.039
25.235
5.828
3.494
5.848
4.294
17.953
12.407
15.276
8.954
7.315
25.589
5.390
10.783
3.979
4.310
13.462
8.807
11.357
5.352
3.130
24.617
4.318
7.274
3.919
3.542
16.754
13.189
15.155
8.658
6.608
25.054
5.339
10.420
3.252
7.567
30.247
7.885
6.368
2.873
11.962
29.953
11.639
5.270
7.060
5.878
4.351
8.345
9.447
3.170
7.646
28.018
7.540
4.931
5.225
