0
0
0
0
0
0
0
0
0
0

17.628
19.552
24.508
22.398
13.235
24.158
20.407
22.683
10.926
11.305

3.967
9.714
7.252
8.17
3.362
1.781
23.985
6.482
5.826
1.926
2.507
11.173
7.017
9.543
3.976
2.401
22.634
3.374
5.691
2.25
3.693
15.754
12.897
14.173
8.283
6.178
24.962
4.825
10.937
3.31
2.416
14.691
10.047
12.784
6.347
5.085
22.284
3.383
8.286
2.015
5.625
4.788
1.669
2.74
10.169
6.131
24.281
4.923
2.612
5.1
3.426
17.13
11.589
14.449
8.109
6.667
24.584
4.544
9.798
3.123
3.398
12.583
8.063
10.569
4.57
2.264
23.574
3.612
6.306
3.086
2.647
15.946
12.296
14.282
7.836
5.719
24.081
4.229
9.269
2.351
6.713
29.395
7.057
5.551
1.951
8.336
29.036
8.291
4.39
6.215
4.964
3.523
6.37
8.578
1.779
6.462
27.0
6.434
4.245
4.456
