0
0
0
0
0
0
0
0
0
0

0.068
0.062
0.068
0.061
0.067
0.068
0.065
0.069
0.067
0.063

0.06
0.07
0.382
0.065
0.066
0.104
0.065
0.056
0.429
0.065
0.062
0.064
0.482
0.06
0.421
0.064
0.068
0.057
0.066
0.065
0.061
0.215
0.056
0.059
0.068
0.068
0.063
0.065
0.059
0.066
0.068
0.066
0.065
0.065
0.059
0.068
0.06
0.059
0.067
0.06
0.067
0.061
1.978
0.065
0.064
0.063
0.062
0.067
1.234
0.063
0.057
0.07
0.06
0.068
0.469
0.058
0.067
0.064
0.145
0.068
0.065
0.066
0.057
0.064
0.066
0.067
0.059
0.062
0.067
0.066
0.057
0.064
0.108
0.233
0.06
0.074
0.065
0.059
0.805
0.066
0.068
0.066
0.675
0.064
2.467
2.004
0.064
0.069
0.067
0.058
0.062
0.061
0.063
0.227
0.067
0.364
0.071
0.427
0.073
0.059
