0
0
0
0
0
0
0
0
0
0

13.319
25.583
26.414
25.855
14.070
12.066
25.426
25.261
15.653
26.085

8.613
4.475
6.335
6.555
14.896
13.467
5.560
8.872
3.966
8.691
5.073
16.831
13.615
15.064
10.438
8.400
25.884
6.068
11.638
4.684
6.370
18.126
14.090
16.469
11.219
9.801
26.822
7.535
13.091
6.088
5.121
17.086
14.455
14.462
10.257
7.960
26.574
6.186
12.041
4.750
11.566
6.096
18.503
3.151
12.775
11.814
7.912
11.083
17.879
11.057
12.453
5.081
5.052
2.920
7.131
3.154
35.259
12.542
3.310
12.211
4.627
17.361
13.739
16.239
9.473
7.730
25.576
5.597
10.849
4.363
4.839
16.157
13.063
14.671
8.600
7.444
25.928
5.752
11.297
4.444
10.140
8.233
4.381
6.474
16.362
15.721
28.132
10.088
2.316
9.680
4.737
17.369
13.157
14.919
9.583
8.249
19.346
6.457
11.296
4.326
