0
0
0
0
0
0
0
0
0
0

12.288
24.65
25.372
24.826
13.25
11.07
24.454
24.276
14.663
25.082

7.771
3.639
5.161
5.676
14.109
12.579
4.718
7.946
2.761
7.854
4.265
15.991
12.522
14.208
9.37
7.66
24.88
5.154
10.878
3.822
5.464
17.127
13.257
15.774
10.381
8.955
25.809
6.687
12.25
5.185
4.171
16.397
13.625
13.691
9.492
7.063
25.591
5.333
11.218
3.885
10.758
5.327
15.856
2.335
11.884
10.95
7.099
10.205
15.863
10.122
11.77
4.216
4.219
2.064
5.859
2.048
34.268
11.744
2.374
11.367
3.777
16.512
13.065
15.382
8.585
6.866
24.693
4.759
9.97
3.514
4.058
15.291
12.18
13.817
7.728
6.611
24.97
4.896
9.729
3.578
9.291
7.417
2.943
5.57
13.03
13.031
27.128
9.196
1.524
8.79
3.853
16.569
12.286
13.915
8.686
7.25
18.442
5.327
10.523
3.472
